Adam Nowak 555666777 Kierownik 1990 9.50 6800.00 16 4 6 8.50 8.90 9.50
Barbara Kowalska 666555444 Kelnerka 1994 2.50 4000.00 4 1 2 7.20 7.50 9.00
Mieszko Pierwszy 555222000 Kucharz 1991 4.60 4800.00 10 3 6 9.60 6.60 8.10
Katarzyna Druga 777000888 Manager 1995 10.00 9000.00 15 3 3 9.10 9.80 9.70
Kazimierz Wielki 555000999 Kelner 1993 1.50 3800.00 2 5 4 7.80 5.00 4.50
Boleslaw Krzywousty 666333222 Kierownik 1985 11.00 7000.00 18 3 7 8.60 9.20 10.00
Bona Sforza 678900333 Kelnerka 1990 2.70 4000.00 5 6 9 8.10 4.20 6.00
Henryk Brodaty 452452452 Kucharz 1987 6.20 5200.00 12 2 3 8.90 9.80 9.60
Wladyslaw Lokietek 678900678 Kelner 1998 1.80 3800.00 4 1 0 7.90 8.30 9.50
Anna Jagielonka 679000111 Kierowniczka 1988 6.40 6500.00 8 2 3 8.80 7.90 9.40
Wladyslaw Jagiello 607606605 Kucharz 1992 2.30 4000.00 2 12 10 8.70 2.20 3.10
