        99        561        961        668        637        136
        72        442        412        210         33        724
       811        393        340        529        393        419
       812        382        472        968        385        335
       420        707        724        900        204        208
       279        464        773        893        114        247
       391        205        847        652        443        643
       178        875        798        494        124        507
        95         75        794        681        950        393
       464        737        317         45        719        149
       201        621        369        598        610        799
       205        360        866        783        878         18
